{
 "chain_iptm": [
  0.53,
  0.54,
  0.45,
  0.47,
  0.38,
  0.37,
  0.27,
  0.26,
  0.35,
  0.32,
  0.33,
  0.26,
  0.29
 ],
 "chain_pair_iptm": [
  [
   0.69,
   0.77,
   0.82,
   0.67,
   0.54,
   0.63,
   0.44,
   0.41,
   0.54,
   0.46,
   0.49,
   0.26,
   0.32
  ],
  [
   0.77,
   0.73,
   0.82,
   0.69,
   0.58,
   0.62,
   0.45,
   0.42,
   0.56,
   0.53,
   0.49,
   0.27,
   0.32
  ],
  [
   0.82,
   0.82,
   0.02,
   0.93,
   0.72,
   0.31,
   0.14,
   0.13,
   0.29,
   0.21,
   0.2,
   0.37,
   0.46
  ],
  [
   0.67,
   0.69,
   0.93,
   0.68,
   0.77,
   0.36,
   0.19,
   0.17,
   0.31,
   0.29,
   0.32,
   0.48,
   0.51
  ],
  [
   0.54,
   0.58,
   0.72,
   0.77,
   0.7,
   0.24,
   0.12,
   0.11,
   0.22,
   0.18,
   0.19,
   0.45,
   0.47
  ],
  [
   0.63,
   0.62,
   0.31,
   0.36,
   0.24,
   0.46,
   0.36,
   0.35,
   0.5,
   0.36,
   0.38,
   0.15,
   0.17
  ],
  [
   0.44,
   0.45,
   0.14,
   0.19,
   0.12,
   0.36,
   0.22,
   0.24,
   0.34,
   0.33,
   0.35,
   0.13,
   0.14
  ],
  [
   0.41,
   0.42,
   0.13,
   0.17,
   0.11,
   0.35,
   0.24,
   0.22,
   0.34,
   0.3,
   0.33,
   0.13,
   0.14
  ],
  [
   0.54,
   0.56,
   0.29,
   0.31,
   0.22,
   0.5,
   0.34,
   0.34,
   0.47,
   0.36,
   0.41,
   0.15,
   0.16
  ],
  [
   0.46,
   0.53,
   0.21,
   0.29,
   0.18,
   0.36,
   0.33,
   0.3,
   0.36,
   0.47,
   0.49,
   0.14,
   0.15
  ],
  [
   0.49,
   0.49,
   0.2,
   0.32,
   0.19,
   0.38,
   0.35,
   0.33,
   0.41,
   0.49,
   0.45,
   0.14,
   0.15
  ],
  [
   0.26,
   0.27,
   0.37,
   0.48,
   0.45,
   0.15,
   0.13,
   0.13,
   0.15,
   0.14,
   0.14,
   0.44,
   0.5
  ],
  [
   0.32,
   0.32,
   0.46,
   0.51,
   0.47,
   0.17,
   0.14,
   0.14,
   0.16,
   0.15,
   0.15,
   0.5,
   0.5
  ]
 ],
 "chain_pair_pae_min": [
  [
   0.76,
   1.56,
   2.42,
   1.78,
   4.4,
   2.38,
   2.75,
   2.78,
   2.87,
   3.61,
   3.46,
   9.31,
   8.72
  ],
  [
   1.44,
   0.76,
   2.75,
   1.8,
   4.03,
   1.91,
   2.83,
   3.3,
   3.58,
   3.19,
   3.13,
   9.36,
   8.81
  ],
  [
   2.29,
   2.81,
   0.76,
   1.63,
   3.63,
   10.0,
   16.14,
   15.64,
   10.74,
   12.78,
   11.9,
   9.08,
   8.86
  ],
  [
   1.61,
   1.54,
   1.43,
   0.76,
   1.48,
   6.57,
   11.14,
   10.84,
   7.78,
   9.1,
   8.4,
   3.12,
   3.15
  ],
  [
   3.56,
   3.7,
   2.58,
   1.39,
   0.76,
   9.41,
   14.64,
   14.28,
   10.32,
   11.91,
   11.0,
   5.39,
   4.91
  ],
  [
   2.19,
   2.32,
   9.4,
   8.96,
   12.0,
   0.76,
   5.21,
   4.97,
   2.67,
   5.78,
   4.41,
   16.3,
   15.65
  ],
  [
   3.22,
   3.25,
   16.95,
   15.86,
   17.88,
   5.06,
   0.76,
   2.59,
   5.33,
   7.08,
   4.93,
   19.27,
   18.74
  ],
  [
   3.72,
   4.5,
   17.84,
   17.27,
   18.02,
   6.02,
   2.7,
   0.76,
   4.87,
   8.32,
   6.78,
   19.7,
   19.15
  ],
  [
   2.81,
   3.86,
   10.52,
   10.03,
   13.11,
   2.57,
   4.7,
   3.89,
   0.76,
   6.15,
   4.44,
   17.85,
   17.99
  ],
  [
   4.14,
   3.18,
   14.02,
   13.93,
   16.85,
   5.48,
   5.77,
   6.23,
   5.84,
   0.76,
   2.99,
   19.2,
   18.14
  ],
  [
   3.54,
   3.46,
   13.7,
   13.64,
   16.39,
   5.33,
   4.77,
   6.25,
   4.59,
   3.17,
   0.76,
   19.91,
   18.64
  ],
  [
   11.31,
   12.1,
   10.28,
   2.81,
   6.41,
   18.27,
   22.07,
   22.17,
   19.15,
   20.83,
   21.2,
   0.76,
   1.84
  ],
  [
   10.18,
   10.58,
   8.45,
   3.09,
   4.96,
   17.52,
   21.55,
   21.36,
   18.24,
   20.16,
   20.54,
   1.8,
   0.76
  ]
 ],
 "chain_ptm": [
  0.69,
  0.73,
  0.02,
  0.68,
  0.7,
  0.46,
  0.22,
  0.22,
  0.47,
  0.47,
  0.45,
  0.44,
  0.5
 ],
 "fraction_disordered": 0.4,
 "has_clash": 0.0,
 "iptm": 0.6,
 "num_recycles": 10.0,
 "ptm": 0.63,
 "ranking_score": 0.81
}