{
 "chain_iptm": [
  0.53,
  0.55,
  0.45,
  0.48,
  0.38,
  0.37,
  0.27,
  0.26,
  0.35,
  0.32,
  0.33,
  0.27,
  0.29
 ],
 "chain_pair_iptm": [
  [
   0.7,
   0.78,
   0.82,
   0.67,
   0.55,
   0.63,
   0.44,
   0.41,
   0.55,
   0.47,
   0.49,
   0.26,
   0.32
  ],
  [
   0.78,
   0.73,
   0.83,
   0.69,
   0.58,
   0.63,
   0.45,
   0.42,
   0.57,
   0.53,
   0.5,
   0.27,
   0.32
  ],
  [
   0.82,
   0.83,
   0.02,
   0.93,
   0.71,
   0.31,
   0.14,
   0.13,
   0.29,
   0.22,
   0.2,
   0.38,
   0.46
  ],
  [
   0.67,
   0.69,
   0.93,
   0.68,
   0.77,
   0.37,
   0.19,
   0.17,
   0.32,
   0.29,
   0.32,
   0.49,
   0.51
  ],
  [
   0.55,
   0.58,
   0.71,
   0.77,
   0.7,
   0.24,
   0.12,
   0.11,
   0.22,
   0.18,
   0.2,
   0.46,
   0.47
  ],
  [
   0.63,
   0.63,
   0.31,
   0.37,
   0.24,
   0.46,
   0.36,
   0.36,
   0.51,
   0.37,
   0.39,
   0.15,
   0.17
  ],
  [
   0.44,
   0.45,
   0.14,
   0.19,
   0.12,
   0.36,
   0.22,
   0.24,
   0.34,
   0.33,
   0.36,
   0.13,
   0.14
  ],
  [
   0.41,
   0.42,
   0.13,
   0.17,
   0.11,
   0.36,
   0.24,
   0.23,
   0.34,
   0.3,
   0.33,
   0.13,
   0.13
  ],
  [
   0.55,
   0.57,
   0.29,
   0.32,
   0.22,
   0.51,
   0.34,
   0.34,
   0.47,
   0.36,
   0.41,
   0.15,
   0.16
  ],
  [
   0.47,
   0.53,
   0.22,
   0.29,
   0.18,
   0.37,
   0.33,
   0.3,
   0.36,
   0.47,
   0.5,
   0.14,
   0.15
  ],
  [
   0.49,
   0.5,
   0.2,
   0.32,
   0.2,
   0.39,
   0.36,
   0.33,
   0.41,
   0.5,
   0.45,
   0.14,
   0.14
  ],
  [
   0.26,
   0.27,
   0.38,
   0.49,
   0.46,
   0.15,
   0.13,
   0.13,
   0.15,
   0.14,
   0.14,
   0.44,
   0.5
  ],
  [
   0.32,
   0.32,
   0.46,
   0.51,
   0.47,
   0.17,
   0.14,
   0.13,
   0.16,
   0.15,
   0.14,
   0.5,
   0.5
  ]
 ],
 "chain_pair_pae_min": [
  [
   0.76,
   1.51,
   2.37,
   1.75,
   4.36,
   2.27,
   2.76,
   2.76,
   2.84,
   3.6,
   3.51,
   9.3,
   8.69
  ],
  [
   1.42,
   0.76,
   2.68,
   1.73,
   3.95,
   1.89,
   2.83,
   3.27,
   3.48,
   3.23,
   3.1,
   9.34,
   8.9
  ],
  [
   2.21,
   2.77,
   0.76,
   1.59,
   3.57,
   9.68,
   15.93,
   15.38,
   10.47,
   12.6,
   11.7,
   9.26,
   8.92
  ],
  [
   1.55,
   1.53,
   1.41,
   0.76,
   1.47,
   6.48,
   10.99,
   10.73,
   7.6,
   8.95,
   8.36,
   3.18,
   3.18
  ],
  [
   3.52,
   3.65,
   2.58,
   1.37,
   0.76,
   9.08,
   14.42,
   13.95,
   10.02,
   11.63,
   10.79,
   5.44,
   4.96
  ],
  [
   2.16,
   2.3,
   9.13,
   8.78,
   11.55,
   0.76,
   5.14,
   4.87,
   2.6,
   5.71,
   4.32,
   16.59,
   15.68
  ],
  [
   3.23,
   3.21,
   17.02,
   15.81,
   18.14,
   5.07,
   0.76,
   2.58,
   5.38,
   7.01,
   4.94,
   19.34,
   18.96
  ],
  [
   3.66,
   4.55,
   18.0,
   17.44,
   18.21,
   5.89,
   2.71,
   0.76,
   4.87,
   8.21,
   6.82,
   19.76,
   19.38
  ],
  [
   2.75,
   3.63,
   10.25,
   9.91,
   12.68,
   2.48,
   4.68,
   3.88,
   0.76,
   6.14,
   4.25,
   17.76,
   17.91
  ],
  [
   4.15,
   3.1,
   13.81,
   13.6,
   16.6,
   5.46,
   5.72,
   6.22,
   5.65,
   0.76,
   2.88,
   19.24,
   18.57
  ],
  [
   3.53,
   3.48,
   13.51,
   13.47,
   16.05,
   5.26,
   4.74,
   6.19,
   4.27,
   3.13,
   0.76,
   19.95,
   18.87
  ],
  [
   11.11,
   11.91,
   10.13,
   2.84,
   6.62,
   18.39,
   21.86,
   22.08,
   19.22,
   20.75,
   20.83,
   0.76,
   1.85
  ],
  [
   9.86,
   10.37,
   8.36,
   3.13,
   4.96,
   17.16,
   21.09,
   21.16,
   17.41,
   19.92,
   20.15,
   1.83,
   0.76
  ]
 ],
 "chain_ptm": [
  0.7,
  0.73,
  0.02,
  0.68,
  0.7,
  0.46,
  0.22,
  0.23,
  0.47,
  0.47,
  0.45,
  0.44,
  0.5
 ],
 "fraction_disordered": 0.44,
 "has_clash": 0.0,
 "iptm": 0.6,
 "num_recycles": 10.0,
 "ptm": 0.63,
 "ranking_score": 0.83
}