{
 "chain_iptm": [
  0.52,
  0.54,
  0.44,
  0.47,
  0.38,
  0.37,
  0.27,
  0.25,
  0.35,
  0.31,
  0.33,
  0.26,
  0.29
 ],
 "chain_pair_iptm": [
  [
   0.69,
   0.77,
   0.82,
   0.66,
   0.54,
   0.62,
   0.43,
   0.4,
   0.54,
   0.45,
   0.49,
   0.25,
   0.32
  ],
  [
   0.77,
   0.72,
   0.81,
   0.68,
   0.57,
   0.62,
   0.44,
   0.41,
   0.55,
   0.52,
   0.5,
   0.26,
   0.32
  ],
  [
   0.82,
   0.81,
   0.02,
   0.93,
   0.71,
   0.29,
   0.13,
   0.12,
   0.28,
   0.2,
   0.2,
   0.37,
   0.46
  ],
  [
   0.66,
   0.68,
   0.93,
   0.68,
   0.77,
   0.35,
   0.18,
   0.16,
   0.3,
   0.27,
   0.31,
   0.48,
   0.52
  ],
  [
   0.54,
   0.57,
   0.71,
   0.77,
   0.7,
   0.23,
   0.11,
   0.11,
   0.21,
   0.16,
   0.19,
   0.45,
   0.47
  ],
  [
   0.62,
   0.62,
   0.29,
   0.35,
   0.23,
   0.46,
   0.37,
   0.36,
   0.51,
   0.37,
   0.39,
   0.15,
   0.17
  ],
  [
   0.43,
   0.44,
   0.13,
   0.18,
   0.11,
   0.37,
   0.22,
   0.24,
   0.34,
   0.33,
   0.36,
   0.13,
   0.14
  ],
  [
   0.4,
   0.41,
   0.12,
   0.16,
   0.11,
   0.36,
   0.24,
   0.22,
   0.34,
   0.3,
   0.33,
   0.12,
   0.13
  ],
  [
   0.54,
   0.55,
   0.28,
   0.3,
   0.21,
   0.51,
   0.34,
   0.34,
   0.47,
   0.35,
   0.41,
   0.14,
   0.16
  ],
  [
   0.45,
   0.52,
   0.2,
   0.27,
   0.16,
   0.37,
   0.33,
   0.3,
   0.35,
   0.47,
   0.5,
   0.14,
   0.15
  ],
  [
   0.49,
   0.5,
   0.2,
   0.31,
   0.19,
   0.39,
   0.36,
   0.33,
   0.41,
   0.5,
   0.45,
   0.13,
   0.14
  ],
  [
   0.25,
   0.26,
   0.37,
   0.48,
   0.45,
   0.15,
   0.13,
   0.12,
   0.14,
   0.14,
   0.13,
   0.44,
   0.5
  ],
  [
   0.32,
   0.32,
   0.46,
   0.52,
   0.47,
   0.17,
   0.14,
   0.13,
   0.16,
   0.15,
   0.14,
   0.5,
   0.5
  ]
 ],
 "chain_pair_pae_min": [
  [
   0.76,
   1.56,
   2.44,
   1.81,
   4.51,
   2.31,
   2.74,
   2.8,
   2.86,
   3.69,
   3.47,
   9.56,
   8.49
  ],
  [
   1.48,
   0.76,
   2.79,
   1.82,
   4.18,
   1.91,
   2.83,
   3.29,
   3.5,
   3.22,
   3.09,
   9.75,
   8.72
  ],
  [
   2.33,
   2.83,
   0.76,
   1.62,
   3.62,
   10.19,
   16.33,
   15.88,
   11.13,
   13.23,
   12.19,
   8.96,
   8.39
  ],
  [
   1.65,
   1.55,
   1.47,
   0.76,
   1.51,
   6.78,
   11.57,
   11.35,
   8.0,
   9.39,
   8.46,
   3.14,
   3.11
  ],
  [
   3.64,
   3.76,
   2.6,
   1.41,
   0.76,
   9.62,
   15.26,
   14.83,
   10.57,
   12.54,
   11.34,
   5.25,
   4.64
  ],
  [
   2.17,
   2.28,
   9.63,
   9.24,
   11.86,
   0.76,
   5.19,
   4.79,
   2.62,
   5.81,
   4.15,
   16.71,
   15.9
  ],
  [
   3.18,
   3.2,
   17.54,
   16.29,
   17.99,
   5.02,
   0.76,
   2.52,
   5.3,
   7.03,
   4.96,
   19.23,
   18.27
  ],
  [
   3.65,
   4.57,
   18.55,
   17.89,
   18.31,
   5.84,
   2.71,
   0.76,
   4.8,
   8.24,
   6.64,
   19.71,
   18.52
  ],
  [
   2.82,
   3.69,
   10.83,
   10.21,
   13.4,
   2.51,
   4.69,
   3.82,
   0.76,
   6.14,
   4.17,
   17.48,
   17.67
  ],
  [
   4.13,
   3.11,
   14.63,
   14.39,
   17.45,
   5.49,
   5.71,
   6.32,
   5.76,
   0.76,
   2.89,
   19.32,
   17.64
  ],
  [
   3.52,
   3.43,
   13.7,
   13.62,
   16.26,
   5.18,
   4.76,
   6.29,
   4.14,
   3.17,
   0.76,
   19.95,
   18.28
  ],
  [
   11.2,
   11.95,
   10.19,
   2.79,
   6.34,
   18.65,
   21.81,
   22.1,
   19.38,
   20.75,
   20.79,
   0.76,
   1.83
  ],
  [
   9.64,
   10.17,
   7.97,
   2.98,
   4.39,
   16.86,
   20.47,
   20.8,
   17.42,
   19.57,
   19.17,
   1.78,
   0.76
  ]
 ],
 "chain_ptm": [
  0.69,
  0.72,
  0.02,
  0.68,
  0.7,
  0.46,
  0.22,
  0.22,
  0.47,
  0.47,
  0.45,
  0.44,
  0.5
 ],
 "fraction_disordered": 0.44,
 "has_clash": 0.0,
 "iptm": 0.6,
 "num_recycles": 10.0,
 "ptm": 0.63,
 "ranking_score": 0.82
}