{
 "chain_iptm": [
  0.53,
  0.55,
  0.45,
  0.48,
  0.38,
  0.38,
  0.27,
  0.26,
  0.35,
  0.32,
  0.33,
  0.26,
  0.29
 ],
 "chain_pair_iptm": [
  [
   0.7,
   0.78,
   0.82,
   0.67,
   0.55,
   0.63,
   0.44,
   0.41,
   0.55,
   0.47,
   0.49,
   0.26,
   0.32
  ],
  [
   0.78,
   0.73,
   0.82,
   0.69,
   0.59,
   0.63,
   0.46,
   0.42,
   0.57,
   0.53,
   0.5,
   0.26,
   0.32
  ],
  [
   0.82,
   0.82,
   0.02,
   0.93,
   0.71,
   0.32,
   0.14,
   0.13,
   0.29,
   0.22,
   0.21,
   0.36,
   0.45
  ],
  [
   0.67,
   0.69,
   0.93,
   0.68,
   0.77,
   0.37,
   0.19,
   0.17,
   0.32,
   0.29,
   0.32,
   0.48,
   0.51
  ],
  [
   0.55,
   0.59,
   0.71,
   0.77,
   0.7,
   0.24,
   0.13,
   0.12,
   0.22,
   0.18,
   0.2,
   0.45,
   0.46
  ],
  [
   0.63,
   0.63,
   0.32,
   0.37,
   0.24,
   0.46,
   0.37,
   0.36,
   0.51,
   0.37,
   0.39,
   0.15,
   0.17
  ],
  [
   0.44,
   0.46,
   0.14,
   0.19,
   0.13,
   0.37,
   0.22,
   0.24,
   0.35,
   0.33,
   0.36,
   0.13,
   0.14
  ],
  [
   0.41,
   0.42,
   0.13,
   0.17,
   0.12,
   0.36,
   0.24,
   0.23,
   0.35,
   0.3,
   0.33,
   0.13,
   0.14
  ],
  [
   0.55,
   0.57,
   0.29,
   0.32,
   0.22,
   0.51,
   0.35,
   0.35,
   0.47,
   0.36,
   0.41,
   0.14,
   0.16
  ],
  [
   0.47,
   0.53,
   0.22,
   0.29,
   0.18,
   0.37,
   0.33,
   0.3,
   0.36,
   0.47,
   0.5,
   0.14,
   0.15
  ],
  [
   0.49,
   0.5,
   0.21,
   0.32,
   0.2,
   0.39,
   0.36,
   0.33,
   0.41,
   0.5,
   0.45,
   0.14,
   0.15
  ],
  [
   0.26,
   0.26,
   0.36,
   0.48,
   0.45,
   0.15,
   0.13,
   0.13,
   0.14,
   0.14,
   0.14,
   0.44,
   0.5
  ],
  [
   0.32,
   0.32,
   0.45,
   0.51,
   0.46,
   0.17,
   0.14,
   0.14,
   0.16,
   0.15,
   0.15,
   0.5,
   0.5
  ]
 ],
 "chain_pair_pae_min": [
  [
   0.76,
   1.54,
   2.38,
   1.76,
   4.38,
   2.32,
   2.71,
   2.78,
   2.8,
   3.55,
   3.44,
   9.49,
   8.29
  ],
  [
   1.43,
   0.76,
   2.69,
   1.77,
   3.95,
   1.89,
   2.79,
   3.22,
   3.47,
   3.21,
   3.05,
   9.46,
   8.33
  ],
  [
   2.27,
   2.74,
   0.76,
   1.58,
   3.53,
   9.7,
   15.71,
   15.25,
   10.41,
   12.46,
   11.61,
   8.88,
   8.44
  ],
  [
   1.59,
   1.54,
   1.42,
   0.76,
   1.47,
   6.37,
   10.8,
   10.6,
   7.51,
   8.82,
   8.18,
   3.15,
   3.17
  ],
  [
   3.56,
   3.68,
   2.59,
   1.37,
   0.76,
   9.1,
   14.37,
   13.92,
   10.02,
   11.51,
   10.79,
   5.37,
   4.88
  ],
  [
   2.15,
   2.28,
   9.08,
   8.69,
   11.72,
   0.76,
   5.14,
   4.84,
   2.6,
   5.8,
   4.26,
   16.47,
   15.68
  ],
  [
   3.21,
   3.17,
   16.8,
   15.66,
   17.53,
   4.9,
   0.76,
   2.53,
   5.19,
   7.0,
   4.77,
   19.41,
   18.35
  ],
  [
   3.64,
   4.49,
   17.82,
   17.11,
   17.86,
   5.88,
   2.67,
   0.76,
   4.73,
   8.2,
   6.8,
   19.71,
   18.83
  ],
  [
   2.76,
   3.58,
   10.36,
   9.86,
   12.87,
   2.5,
   4.57,
   3.77,
   0.76,
   6.08,
   4.24,
   18.04,
   17.51
  ],
  [
   4.12,
   3.07,
   13.66,
   13.52,
   16.38,
   5.41,
   5.71,
   6.19,
   5.6,
   0.76,
   2.87,
   19.66,
   17.89
  ],
  [
   3.43,
   3.41,
   13.31,
   13.42,
   15.92,
   5.29,
   4.6,
   6.18,
   4.21,
   3.11,
   0.76,
   19.76,
   18.33
  ],
  [
   11.58,
   12.38,
   10.42,
   2.76,
   6.25,
   18.93,
   22.2,
   22.13,
   20.22,
   20.95,
   21.3,
   0.76,
   1.83
  ],
  [
   9.99,
   10.25,
   8.09,
   2.95,
   4.37,
   16.97,
   20.66,
   20.81,
   17.6,
   19.89,
   19.85,
   1.78,
   0.76
  ]
 ],
 "chain_ptm": [
  0.7,
  0.73,
  0.02,
  0.68,
  0.7,
  0.46,
  0.22,
  0.23,
  0.47,
  0.47,
  0.45,
  0.44,
  0.5
 ],
 "fraction_disordered": 0.43,
 "has_clash": 0.0,
 "iptm": 0.61,
 "num_recycles": 10.0,
 "ptm": 0.63,
 "ranking_score": 0.83
}